.Random.seed <-
c(403L, 490L, 647083757L, 280803406L, -615246530L, -1718420546L, 
881957959L, 1643671110L, 525201231L, 1963481273L, -622219300L, 
-1914186747L, -69865872L, -456401687L, 926772520L, -2144017712L, 
291350071L, 1880153261L, -696298700L, -462682865L, 1096653462L, 
1853707068L, -1594403861L, -1577952615L, -2032801197L, -224151932L, 
3269881L, -465217280L, -272464880L, 361572829L, 60712169L, -1921553819L, 
-123491926L, 1408619530L, -679091336L, -905830682L, -1692174903L, 
-293793235L, -1511584144L, 982046085L, -1329787458L, -329228024L, 
-497019036L, 1332885479L, 1866315976L, 753889262L, -1670903558L, 
132323244L, -1187812158L, 878733464L, -877743764L, 1515668308L, 
-80921929L, 1019983405L, 679443450L, 1926676983L, 1729718690L, 
-788137112L, 88902820L, -238434633L, -82406104L, -1098572450L, 
1803089371L, 593968881L, -97127472L, 1470597416L, -417553567L, 
2098062676L, -1451566512L, 1535674155L, -589476767L, -423806341L, 
-2017368455L, -1386364388L, -1231863039L, -1802455658L, 526403454L, 
-962681566L, -332257907L, -2012201180L, -1692426968L, -1062524931L, 
1107006156L, 1800584612L, -2101180130L, -1262111177L, 920167119L, 
-1562456941L, 566485523L, 1209984622L, 1316324941L, 779764668L, 
87955531L, 700177429L, 1155150120L, 1262234179L, -127177773L, 
725115383L, -1127693267L, -1543900597L, 1978798700L, 2082137987L, 
333768649L, -1284316579L, -1146194577L, 1358109682L, 177569398L, 
-229325233L, 587558059L, 1810970964L, -1262158500L, -1024856893L, 
1780592072L, -480668785L, 1403620513L, 1865716570L, -345399866L, 
-1836492953L, -52932689L, -1893724754L, -740363088L, -354055128L, 
989376587L, 246907340L, -56720157L, 966742789L, -1419691848L, 
1986394078L, 1932080325L, 1156819941L, 1007946736L, -884358073L, 
-302447979L, -1385859134L, -253573742L, -79140264L, 1075113398L, 
478413599L, 2001463390L, 1634388613L, 1430018795L, 1026530577L, 
1770246960L, -1060575531L, -1548972593L, -854696164L, -67117359L, 
-1763528425L, 1993067845L, -539866610L, -1035120126L, -1927050098L, 
637622448L, 1173363813L, -1990501308L, 1323219923L, -1983947648L, 
-838524402L, -600070861L, 36668002L, 1387222386L, 1647982426L, 
1349048622L, -1206393152L, -1676389621L, 335233644L, 209273788L, 
1112235152L, 1901893674L, 2100234723L, -570566151L, 880229886L, 
-971246180L, -2032447512L, 660918151L, 1827294405L, -327503588L, 
-1973687832L, -72970138L, 1148529958L, 223892772L, -648175420L, 
1284236467L, -560626085L, 1914537211L, -930316944L, 15832585L, 
16728973L, -1080925954L, -1727307425L, -335462911L, -1358678590L, 
1985662341L, 1883094692L, -858229153L, -1949260555L, 790529379L, 
1189895215L, -277791658L, -93546209L, -1436361827L, 1702947457L, 
1924796136L, 1752951170L, -1755737818L, 51430821L, 2048808057L, 
1465102345L, -937718253L, 1075008831L, -1423911544L, 490926603L, 
-1990653737L, -1092490419L, 1573885030L, -1324064387L, 1134394141L, 
-1059561955L, -558154150L, 1241854526L, 52906229L, 683341528L, 
58871482L, -686387800L, -1433190706L, -96520993L, -419836949L, 
-920857138L, -1303616265L, 1979916264L, 1223684137L, -1531705581L, 
-1413039588L, -1621139495L, -887354235L, 408600768L, -373517865L, 
-104706586L, 1364319361L, 224627674L, 370707070L, 24249233L, 
628280117L, -1421614736L, -282288799L, -686087578L, -1482907751L, 
486235242L, 2142087089L, -855594543L, -1229215134L, 1936367141L, 
473534241L, 175919345L, -267090741L, 358991397L, 1747303277L, 
481499877L, -261894358L, -577965925L, -1296002192L, -1523782651L, 
-1968886870L, -211816574L, -1090268235L, 1379836552L, -378000911L, 
-941779806L, 193565199L, -228301289L, -1673030515L, -342617048L, 
-153306879L, -372654570L, -678650059L, 444268705L, -1659268718L, 
-2133561893L, 1151078332L, -2026990866L, 1500171517L, 620551656L, 
-454862915L, 2094978166L, -875134046L, -1179423482L, -1948966192L, 
-1109098564L, -1758366413L, -1487214302L, -920240146L, -2018324365L, 
-1811380679L, -174324467L, 1472835836L, -1414226181L, -1998294628L, 
-1702551472L, 1415726916L, -2029051276L, 1609869469L, -1496478131L, 
-1037656880L, -233926526L, -15720510L, -590677246L, 1771889462L, 
-1524160226L, -664072809L, -1520890265L, -498522158L, 86374078L, 
-964753189L, 756583796L, 1898769691L, 1855783403L, 1845345419L, 
-472913958L, 1742372710L, 351504385L, 1345672807L, -170512114L, 
-1189138769L, -1888810191L, -847370132L, -752455948L, -168858157L, 
1256176038L, -627425723L, 12164213L, 1200394462L, -545600112L, 
-704155721L, 1836933728L, -296562178L, -145061694L, 1390804073L, 
-1928694051L, 1513810208L, 61058139L, -1008623688L, -1826003946L, 
-1874147893L, 1248103972L, -477412607L, -24369199L, 18187436L, 
-1889451464L, -1401384236L, -583421067L, 2005199201L, -1356548729L, 
711557600L, 1094581453L, -27255761L, 1469250250L, -1853891324L, 
2061160280L, -1923116689L, -1645282012L, 292402263L, -686801153L, 
1998853293L, 900273197L, -2068354906L, 762295210L, 983528947L, 
-520958223L, 1409480101L, 1166343907L, 2087977489L, -909717687L, 
-868101540L, 1370438610L, 768997263L, -290699307L, -355054082L, 
-2075085989L, 2019308790L, 1334348396L, 1750031240L, 766863097L, 
529961253L, -1629101210L, -1200437502L, 1903692267L, -884278930L, 
321396378L, -1963311783L, 1347456117L, -519041104L, -1003444179L, 
-1922073814L, 1246070694L, -767195695L, 117134147L, -1762917470L, 
-704111405L, -63161837L, -1132752597L, -675814682L, -752022716L, 
-1575937283L, -2035024064L, 877053283L, 756867847L, 22374518L, 
409509649L, -1793482302L, -40376990L, 279286277L, 1533449015L, 
1910254559L, -1792679930L, -1143841278L, 1175639662L, -318753775L, 
-957119544L, 881679452L, 1342685465L, 1354576499L, -1617331921L, 
183308810L, -1646427679L, -396534286L, 420695894L, 1307920202L, 
-574231486L, 1361291435L, 872347947L, -611003714L, -658289928L, 
1876096840L, -1023420800L, -101440884L, -1339251740L, -1946340831L, 
1362011217L, 1427505680L, -476438100L, -720868123L, -993338498L, 
1422456929L, 1085098837L, 1983001277L, 1810977776L, -1802577444L, 
-2042628541L, 1572095221L, 627987360L, 698924201L, -1433968653L, 
1411244627L, 139264073L, 871314734L, 1761413251L, 929184684L, 
-21780511L, -1934890705L, -1838399351L, 918514095L, 2106868296L, 
1340334748L, 1925409161L, 869241246L, -1438996504L, 997399971L, 
476471377L, 1774056209L, -1471152895L, -1209616937L, -206490458L, 
5243558L, 1287266444L, -234763182L, -1074985668L, 1348909310L, 
-592315644L, 1051639925L, -1471661353L, -1548601575L, -1859193515L, 
1147730016L, -1836556513L, -1459156282L, 1410975581L, -1730681231L, 
-1773489224L, 1996904320L, -1726872538L, 1824212920L, 1906838530L, 
917619650L, -1428579066L, 1077539609L, 1274829804L, -1975131251L, 
-909963211L, 447836923L, 1654753651L, 1716424786L, -1931641684L, 
-1098484233L, 78042741L, -1664288398L, 1654471326L, -650450082L, 
1242544992L, 1812096562L, 498932487L, -31921354L, -1912025638L, 
-238529509L, 1073225873L, 138829424L, -726420492L, -462867649L, 
-969410233L, 1429801797L, 1851799356L, -142749778L, -453758525L, 
-170890818L, -282981672L, 110511999L, -1150979088L, -961729821L, 
-1376052306L, 742185310L, 854607412L, -1282602912L, -383477330L, 
-1408520519L, -1656346395L, -74446316L, -1560661565L, 608720792L, 
407887298L, -1298626233L, 1476136321L, -1985830670L, 124130354L, 
293156520L, -1467479976L, 832928577L, 1380248785L, 1093870303L, 
-324737048L, 1137258876L, 88407583L, -349815744L, -1745785095L, 
387618230L, -1645536730L, -1694557009L, 1946662565L, 1628941756L, 
1626819294L, 1273777880L, -1032573635L, 401785647L, -674445825L, 
645052948L, -643826764L, 1649406976L, 2055077098L, -1326220976L, 
493115137L, -835461991L, 1335575881L, 1808200808L, 181789265L, 
1265152169L, -1502760847L, 40785572L, 1069103156L, 104286927L, 
-1686541007L, -2029457790L, 855703908L, 324787619L, 1055181862L, 
1037726616L, 1358756740L, 2064736922L, -1155006909L, -1662793578L, 
-1045868497L, -1116108725L, -1788539049L, 1228480595L, -1353842660L, 
